10
91 0
44 29 38 6 64 23 54 52 97 24 65 73 30 7 85 24 50 71 88 33 50 81 81 58 97 25 64 38 57 43 12 99 40 90 13 95 83 62 48 7 58 1 51 36 14 29 32 75 32 33 74 25 12 83 14 26 15 40 73 68 48 8 31 16 69 56 40 22 68 66 32 33 65 26 10 92 51 11 62 52 78 74 37 2 6 76 73 73 3 12 3
99 0
96 82 73 46 86 90 40 99 47 85 20 32 90 8 20 66 80 30 88 80 8 45 66 36 61 100 12 24 27 96 91 19 37 21 36 46 27 33 79 15 36 5 39 97 18 20 47 75 96 44 26 36 7 43 25 37 30 79 30 10 66 12 77 81 32 34 45 57 92 88 76 1 91 22 42 27 40 67 45 24 4 39 75 21 89 7 2 70 97 30 79 63 48 24 33 100 3 8 44
99 0
16 74 14 40 86 95 18 30 86 3 99 8 4 51 52 8 91 24 4 57 28 89 57 89 59 59 11 11 82 14 52 59 38 79 98 86 37 36 36 19 55 8 22 42 63 67 96 97 90 61 36 38 95 28 96 71 83 85 96 98 92 87 17 79 75 67 61 56 78 28 60 52 54 32 91 16 25 46 97 22 42 59 44 70 86 5 35 28 65 65 6 64 44 79 2 65 93 46 1
93 0
55 44 45 30 13 39 87 34 36 47 9 73 14 41 100 100 73 92 79 74 12 19 28 9 19 98 6 70 10 48 54 3 88 90 74 22 85 26 43 78 50 20 47 9 60 12 42 77 21 97 33 27 22 22 65 82 97 2 79 36 50 58 90 87 39 23 70 54 41 67 53 34 51 18 17 18 61 25 43 30 89 89 20 17 38 40 13 36 41 69 66 55 15
91 91
85 73 79 78 39 30 26 72 45 60 15 10 35 30 6 20 21 14 13 59 20 23 12 88 8 14 47 90 33 49 52 46 97 8 93 96 12 1 71 49 90 43 77 57 76 96 56 12 32 3 61 40 98 54 78 16 30 24 81 80 60 40 34 51 32 72 7 43 75 41 24 63 89 10 64 44 58 93 40 86 60 4 23 20 86 39 60 44 83 28 12
100 10
51 36 33 86 27 92 49 46 80 20 15 27 21 1 75 28 87 85 17 18 23 49 76 55 37 76 74 54 31 47 79 1 90 33 77 60 27 82 28 17 2 68 75 71 43 72 24 31 46 1 1 83 51 22 26 26 80 20 4 38 48 48 39 57 56 49 49 11 82 100 72 35 15 3 100 97 66 82 23 41 97 52 14 59 19 36 84 4 50 2 23 68 22 7 3 26 77 37 79 76
95 5
32 8 21 58 59 97 7 39 76 52 64 76 45 88 8 73 66 65 49 19 21 70 58 68 14 41 31 37 29 71 91 61 7 67 44 8 34 15 46 52 19 25 85 67 48 77 41 11 41 22 74 64 75 99 86 59 62 20 30 76 64 48 39 89 85 85 70 44 28 76 13 93 50 63 78 70 65 41 69 72 75 6 21 97 56 90 98 59 20 83 47 25 55 81 84
98 86
27 23 29 24 22 80 30 70 49 21 77 94 72 47 48 92 24 11 4 59 79 8 85 96 74 42 45 98 9 26 16 22 14 40 18 6 54 95 97 67 61 67 44 61 94 88 96 73 89 70 27 54 61 12 83 14 37 96 89 8 24 77 70 85 53 63 71 70 32 66 85 41 40 77 84 17 73 95 85 70 4 72 66 62 66 41 66 57 35 81 85 67 96 2 71 74 39 29
100 112
100 26 51 100 22 52 63 14 100 39 70 83 78 95 17 27 5 16 17 99 5 59 52 47 75 44 11 27 48 55 9 37 5 38 16 60 95 72 92 14 39 20 20 1 50 8 28 24 9 34 100 16 85 7 12 51 86 55 33 61 45 43 32 96 17 50 95 85 100 16 44 37 42 11 51 57 42 77 81 82 60 89 72 33 25 83 73 49 90 76 29 20 72 27 56 44 30 15 86 48
90 47
39 94 37 99 59 78 23 77 25 9 56 63 55 2 3 65 58 94 7 51 68 49 57 37 73 37 52 22 56 2 80 43 21 28 58 38 60 84 61 23 92 95 54 34 38 9 94 40 65 44 3 68 33 80 69 95 57 76 3 62 63 40 19 17 48 88 17 31 87 37 23 94 67 67 42 39 66 78 43 63 65 94 10 31 72 40 31 46 87 26
