10
6
-490370 -72634 -194114 846452 846133 119062
0
0
2 4 5
0
0
0
9
-589737 160083 839690 -865776 -959900 -759981 278903 -8971 670429
1 9
1 9
0
1 6
0
2 2 3
2 2 6
0
2 2 7
7
-329340 -120045 344475 -698749 -724449 -162998 89340
1 7
1 6
0
1 3
1 2
1 1
1 4
8
131924 943108 -325733 853928 -781922 -53636 340372 -254050
0
0
0
0
0
0
2 2 5
0
8
-105796 338219 -641386 -359269 489421 -170495 -667948 919873
0
2 1 5
2 6 8
1 1
1 2
1 2
1 2
1 2
9
108281 -796994 226655 365252 -662210 939548 80142 -791834 98469
1 8
3 1 4 5
2 1 2
1 5
0
1 1
0
2 1 3
3 2 3 6
14
-394125 -203334 -371112 -338392 -559242 -11601 -584835 -83706 -668221 617150 -962644 50267 -338840 -388157
1 3
1 12
1 6
1 1
3 4 8 10
0
1 14
1 10
2 8 11
3 5 7 12
2 4 8
2 3 11
1 14
2 8 9
7
-632821 -968408 821806 -355558 557603 285742 -27034
0
3 5 6 7
1 1
1 1
1 1
0
0
5
283285 554889 -409347 -623398 -821607
1 2
1 5
0
1 2
0
11
218439 -626233 624219 -853114 378441 -637878 835367 359048 637239 -39081 729888
2 5 6
1 3
1 10
0
1 4
0
1 2
1 3
2 2 10
0
1 10
