10
17
4 9 5
8 10 11 12 13 14 15 16 17
11 1 2 3 4 5 10 11 12 13 16 17
8 6 7 8 9 14 15 16 17
12
4 4 5
7 1 2 3 4 5 11 12
5 6 8 9 10 12
6 7 8 9 10 11 12
14
6 8 2
9 1 7 8 9 10 11 12 13 14
10 2 3 4 7 8 9 10 11 13 14
5 5 6 12 13 14
14
2 8 4
6 1 2 3 4 13 14
10 5 6 7 8 9 10 11 12 13 14
7 8 9 10 11 12 13 14
12
4 6 5
6 1 2 3 4 5 12
7 6 7 8 9 10 11 12
6 7 8 9 10 11 12
13
6 4 3
6 1 2 3 11 12 13
5 4 5 6 7 8
5 9 10 11 12 13
18
7 6 6
10 1 2 3 12 13 14 15 16 17 18
8 4 5 6 12 13 14 15 16
7 7 8 9 10 11 17 18
15
8 3 4
10 1 2 3 4 5 11 12 13 14 15
5 6 7 8 9 15
6 10 11 12 13 14 15
15
6 6 5
9 1 8 9 10 11 12 13 14 15
8 2 3 8 9 10 11 12 15
7 4 5 6 7 13 14 15
14
8 3 3
10 1 2 3 4 5 10 11 12 13 14
6 6 7 8 9 10 14
4 11 12 13 14
