10
31
9 7 9
18 1 3 5 7 8 14 15 16 17 18 19 20 21 23 24 26 28 30
13 2 3 4 6 7 9 11 14 15 17 18 20 24
17 5 8 10 12 13 16 19 21 22 23 25 26 27 28 29 30 31
20
8 5 1
16 1 2 3 4 5 7 8 9 10 11 12 14 15 17 19 20
10 1 3 5 9 10 11 13 15 16 18
14 1 2 4 6 7 8 12 13 14 16 17 18 19 20
19
7 4 2
16 2 4 5 7 8 9 10 11 12 13 14 15 16 17 18 19
7 2 7 9 10 11 12 14
14 1 2 3 5 6 7 8 9 13 15 16 17 18 19
23
7 6 1
14 1 3 6 7 9 10 12 13 15 17 18 19 22 23
11 4 5 6 8 10 13 17 18 19 22 23
12 1 2 3 5 9 11 12 14 15 16 20 21
10
2 2 1
0
9 2 3 4 5 6 7 8 9 10
3 1 4 5
21
8 8 4
16 2 4 5 7 8 9 11 12 13 14 15 17 18 19 20 21
15 1 2 5 8 9 11 12 13 14 15 17 18 19 20 21
11 2 3 4 6 7 8 10 13 14 15 16
20
6 4 3
11 4 6 8 9 10 11 12 13 14 15 17
8 2 4 8 9 10 11 12 13
13 1 3 5 6 7 11 14 15 16 17 18 19 20
27
7 7 3
13 1 2 4 5 8 14 15 16 18 20 23 25 27
13 4 5 7 8 10 11 12 13 14 15 16 18 20
18 1 2 3 6 7 9 10 11 12 17 19 21 22 23 24 25 26 27
17
7 6 1
13 2 6 7 8 9 10 11 12 13 14 15 16 17
12 1 2 3 4 5 6 9 10 11 15 16 17
6 1 7 8 12 13 14
25
9 7 2
20 2 4 5 6 7 9 10 11 13 15 16 17 18 19 20 21 22 23 24 25
14 2 3 7 9 10 12 14 15 19 21 22 23 24 25
12 1 2 4 5 6 8 10 11 13 17 18 20
