10
6 14
1 3 2 1 3 1 3 1 3 1 3 1 4
1 3 2 3 1 3 1 2 3 1 3 1 3
3 2 3 2 1 3 1 2 3 1 3 1 3
3 2 3 2 1 3 1 2 1 3 2 1 4
1 3 2 3 1 3 2 4 2 3 4 1 2
4 3 2 1 3 2 3 4 3 4 3 1 2
4 2 1 4 2 4 2 4 4 2 4 4 2 1
2 4 4 1 4 2 4 3 1 4 2 2 4 2
1 1 1 4 3 4 2 4 4 2 4 4 2 1
4 4 4 1 4 2 4 3 3 4 1 3 3 3
2 2 1 4 2 4 1 1 1 1 2 2 4 1
18 10
4 2 3 4 3 2 3 4 2
2 3 4 3 4 3 4 2 4
2 1 4 2 4 3 4 2 3
1 2 1 4 2 3 4 3 2
3 2 3 4 3 1 3 4 2
2 4 2 3 4 1 2 4 2
4 1 2 3 4 1 2 4 2
3 1 2 3 4 3 2 4 2
3 2 1 2 3 2 4 2 4
2 3 2 1 2 1 4 2 4
2 3 2 1 4 1 4 2 4
2 3 1 4 3 1 2 4 2
1 3 1 3 2 3 2 4 2
4 1 3 2 3 4 3 2 1
2 4 3 4 3 4 3 1 2
2 3 4 1 3 2 3 4 2
3 1 4 2 1 3 2 4 3
1 4 2 4 1 4 2 1 3
3 1 1 2 2 1 1 1 3 3
1 4 2 1 1 2 2 3 1 1
3 3 3 3 3 1 1 1 4 4
2 4 4 2 1 4 2 2 1 3
4 1 1 1 2 2 4 1 3 1
1 3 3 4 1 3 3 3 1 3
2 2 4 1 2 2 4 1 3 4
4 4 3 4 1 1 1 3 1 3
1 1 4 3 4 4 3 1 3 1
3 4 1 4 3 3 2 3 1 2
1 1 4 3 2 2 3 1 3 3
3 4 2 2 1 4 4 3 1 1
2 2 4 4 4 1 1 1 3 4
1 3 2 1 1 2 2 4 4 3
3 1 1 2 2 1 1 2 3 4
1 4 2 3 4 4 4 1 1 1
4 2 3 1 3 2 1 3 2 2
9 13
3 4 1 3 4 1 3 1 3 4 1 4
4 3 1 3 4 1 3 1 3 4 1 4
1 3 2 3 4 3 2 3 1 4 1 4
3 2 3 4 3 2 3 4 1 2 1 4
3 2 1 4 2 1 3 1 2 1 2 4
3 2 4 2 4 1 3 1 2 1 4 3
3 2 3 2 4 3 1 4 1 3 4 3
3 1 2 1 2 4 1 4 1 3 4 3
1 4 1 2 1 4 1 4 2 3 1 3
1 1 2 2 2 3 2 2 2 1 3 2 2
3 2 4 4 1 2 4 4 4 2 2 3 1
2 4 1 1 2 1 1 1 2 3 3 2 3
1 1 4 2 1 4 4 2 3 4 4 3 1
2 4 3 3 3 3 2 4 4 3 3 1 2
4 1 1 1 1 2 4 2 3 4 2 2 1
1 4 4 4 3 1 2 3 2 2 1 1 4
2 2 3 3 4 3 3 2 3 4 2 2 1
13 6
2 1 4 3 4
1 2 4 3 4
1 4 3 1 4
1 4 3 1 2
2 4 3 1 2
2 3 1 2 4
2 3 2 4 2
3 2 4 2 1
3 2 1 2 1
3 2 3 2 1
3 2 4 3 1
4 2 4 3 1
4 2 3 2 3
4 4 3 1 1 3
2 3 1 2 2 2
4 2 2 4 3 3
3 3 1 2 4 1
1 1 2 4 3 3
3 4 4 3 1 1
4 1 1 1 3 4
2 4 3 3 4 3
1 1 4 4 3 2
4 4 1 1 4 3
1 1 3 2 2 4
2 3 1 1 4 2
9 23
1 3 4 2 4 1 3 4 1 2 3 2 4 1 2 4 3 1 4 3 2 1
3 4 1 4 1 4 1 4 2 3 4 2 4 1 4 3 4 1 4 3 2 4
4 2 4 1 4 1 2 4 3 4 1 4 1 3 4 3 4 1 3 2 3 2
1 2 4 2 1 2 3 4 1 4 1 3 1 2 3 4 3 1 3 2 3 2
1 2 4 3 2 3 4 1 2 4 3 1 2 1 3 4 2 1 3 2 3 4
1 2 4 3 2 3 4 1 2 3 4 1 2 3 4 2 4 1 2 3 4 1
3 2 4 2 1 2 4 1 2 1 4 2 3 2 4 2 3 1 4 3 4 1
2 3 4 2 4 2 4 2 1 2 4 3 2 1 4 3 2 1 4 3 4 1
2 3 4 2 3 2 3 2 1 2 3 1 2 1 4 3 2 1 4 3 1 4
4 2 2 3 3 3 2 2 3 4 1 1 1 3 3 1 2 2 3 2 1 3 3
2 1 3 2 2 2 3 3 1 1 2 3 3 2 2 2 1 3 2 1 4 1 1
3 3 1 3 3 3 4 1 2 2 3 2 2 4 1 1 2 2 4 4 1 4 3
4 4 3 1 4 4 1 2 3 3 2 4 4 3 4 2 1 4 2 1 4 1 1
3 3 1 2 1 1 2 3 4 1 1 2 3 4 2 1 3 3 4 4 1 2 3
2 4 3 1 4 4 1 2 3 4 2 3 4 1 1 3 1 2 3 1 2 3 2
1 1 1 3 3 3 3 3 4 3 3 1 1 4 3 1 4 4 2 2 1 2 4
4 4 2 1 1 1 1 1 3 4 1 2 4 3 2 2 1 3 3 1 2 3 2
14 13
3 2 4 1 2 1 2 1 2 4 2 1
2 4 1 3 2 1 4 1 4 3 2 1
4 1 3 2 4 1 4 3 1 3 1 2
1 3 2 4 1 4 2 3 2 1 3 2
1 3 4 1 4 2 3 2 4 2 3 2
1 3 4 1 2 3 2 4 2 3 2 1
1 2 4 2 3 2 4 2 3 1 2 1
2 4 2 4 3 4 2 3 1 4 2 1
4 2 4 1 3 4 2 1 4 2 4 1
2 1 4 1 2 4 1 2 4 2 4 1
2 3 1 2 1 4 1 3 2 4 2 1
2 3 2 1 3 1 4 3 2 4 2 1
1 2 4 1 3 1 4 2 4 2 4 1
1 4 1 3 1 4 1 2 4 2 1 4
4 1 3 2 4 4 3 3 3 1 1 4 3
1 3 2 4 1 3 2 2 2 2 4 3 4
3 2 4 1 3 2 3 1 4 4 2 4 1
2 4 1 3 2 3 1 4 1 3 4 1 4
4 2 2 2 3 1 4 1 3 1 1 4 3
3 4 1 3 4 4 1 3 1 4 4 3 2
4 3 3 1 1 1 3 1 4 2 3 4 3
3 1 1 3 2 2 1 4 2 3 1 3 2
1 3 3 2 4 1 3 3 3 1 3 2 3
4 4 2 3 3 3 2 4 1 3 1 3 4
1 1 4 4 4 2 3 2 4 1 3 4 3
3 4 1 3 2 4 2 1 1 3 1 3 2
4 3 3 2 4 2 3 3 3 1 3 2 3
22 9
4 1 3 1 4 1 2 3
4 3 1 2 1 4 2 3
4 3 1 2 1 3 2 3
3 1 2 1 2 1 3 1
1 2 1 2 1 4 1 4
4 1 3 1 4 1 2 4
1 4 3 4 1 2 3 4
1 2 3 2 1 3 4 1
1 3 2 3 1 4 1 4
4 3 2 4 1 4 1 4
2 3 1 2 1 4 1 2
2 3 1 3 2 1 2 3
2 3 1 3 2 3 2 4
2 3 1 3 2 3 4 1
2 3 1 3 2 1 4 1
3 1 3 2 1 2 1 2
4 3 2 4 1 2 3 1
2 4 2 1 4 2 4 1
2 4 1 2 4 2 1 4
2 4 1 2 4 1 3 1
2 4 2 1 4 3 1 3
2 3 2 1 3 2 3 1
1 2 4 4 3 3 3 4 4
3 1 2 3 4 2 1 1 1
1 2 4 4 3 4 4 4 2
4 4 3 3 4 3 2 2 3
3 3 4 4 3 2 3 3 1
2 2 2 2 2 3 4 1 2
4 3 1 1 3 4 1 2 3
3 4 4 4 4 2 2 3 2
2 2 1 1 2 3 3 2 3
3 1 4 3 3 2 2 3 1
1 4 2 4 4 3 3 4 4
4 1 4 2 1 4 4 1 1
1 4 2 4 4 1 1 3 2
3 1 4 2 1 4 2 2 4
1 4 2 4 4 3 3 3 3
2 2 4 1 3 4 4 4 4
3 1 1 3 2 3 1 2 3
1 3 3 4 3 1 3 3 2
3 1 2 3 1 3 4 2 3
4 3 3 4 3 2 2 4 2
3 1 1 3 2 1 4 2 4
16 15
2 1 2 1 2 3 2 4 1 2 3 4 2 4
2 1 3 1 3 2 4 3 1 2 4 3 4 2
1 4 1 4 3 4 1 3 1 2 4 3 4 2
3 4 1 4 3 4 1 3 1 2 3 4 2 1
3 4 3 4 3 2 4 1 3 1 3 2 1 3
4 3 2 3 2 3 4 1 3 1 3 2 3 4
3 2 1 2 3 4 3 1 3 2 3 2 4 2
2 1 4 2 4 3 2 1 3 2 3 1 2 4
2 1 3 4 2 3 2 1 2 3 1 3 2 4
3 2 3 4 3 2 3 2 4 3 1 3 2 4
4 3 2 4 3 2 3 4 3 1 3 1 3 4
3 1 2 4 2 3 4 3 1 3 1 3 1 4
2 1 4 2 4 3 4 2 1 3 1 3 2 1
2 1 4 2 3 4 2 1 2 3 1 3 2 3
1 2 4 2 3 4 1 2 3 2 1 3 2 4
2 4 2 4 3 4 1 4 3 2 1 3 4 1
1 4 4 4 4 4 1 1 2 3 1 2 1 3 1
4 3 2 2 2 1 3 2 4 4 3 1 2 1 3
2 2 3 3 1 2 2 4 2 3 1 2 1 3 4
4 1 2 2 2 1 3 2 4 4 4 1 3 4 2
1 2 1 1 1 4 1 3 2 2 2 4 4 2 1
2 1 4 4 4 1 2 2 4 4 4 1 1 1 3
1 4 3 3 1 2 1 4 2 1 1 4 3 3 1
4 3 2 1 3 1 4 3 4 4 4 2 4 1 2
1 4 4 2 1 4 1 4 3 1 2 4 1 3 3
2 1 1 1 2 1 4 1 1 2 4 2 4 1 2
1 2 4 3 1 4 1 2 2 4 2 4 2 2 1
4 4 3 1 3 1 2 1 4 2 4 2 4 3 3
1 3 2 3 1 2 1 3 3 4 2 4 1 4 4
4 4 3 1 4 1 3 4 4 1 4 2 4 1 1
3 3 1 3 1 2 2 3 1 4 3 4 1 3 3
5 7
1 4 2 4 1 4
1 4 3 4 1 2
4 3 4 1 2 1
4 3 4 2 1 2
1 4 3 2 1 3
4 3 1 1 2 3 1
3 2 2 2 3 4 3
2 1 1 3 4 3 4
3 2 2 1 3 4 1
21 17
3 4 2 1 2 1 2 4 3 2 4 1 3 1 4 2
4 3 2 4 2 4 2 3 4 2 1 3 1 2 4 2
4 3 2 3 2 3 2 3 4 2 1 3 4 2 3 2
3 4 3 1 3 2 3 4 3 4 1 4 2 3 2 1
3 4 1 4 3 2 3 4 3 1 4 2 1 3 2 1
1 4 1 4 2 1 2 4 3 1 2 3 1 3 1 3
1 4 3 4 1 2 1 4 3 1 2 3 1 3 4 1
3 4 2 4 1 2 1 4 1 2 4 2 1 4 2 4
4 2 4 1 4 1 2 1 4 2 4 1 4 1 2 4
4 2 4 1 3 1 2 1 4 2 4 1 4 1 2 4
3 2 4 2 1 2 1 2 4 2 4 2 1 4 2 4
3 2 3 2 4 1 3 2 4 2 4 3 1 3 2 4
3 2 1 3 4 3 4 2 4 2 3 1 3 2 3 4
2 1 4 1 3 2 4 2 3 2 1 3 2 4 3 4
2 1 4 2 3 1 4 3 2 1 4 3 4 1 4 3
3 2 4 2 4 3 4 3 2 1 4 3 4 1 4 3
2 4 2 1 4 3 2 3 2 1 4 3 2 1 4 3
1 2 1 3 1 3 1 2 4 1 3 2 1 2 4 3
3 2 3 1 3 1 4 2 4 1 3 2 4 2 4 2
3 4 2 1 3 1 4 2 4 1 3 4 3 2 1 2
4 1 2 1 2 1 4 1 4 1 3 4 3 2 1 2
1 2 1 3 3 3 3 1 2 1 3 2 4 4 3 3 1
2 1 4 1 1 1 1 4 1 3 4 4 2 3 1 1 4
1 2 1 4 4 4 4 1 2 1 3 2 1 1 4 4 3
2 1 2 2 2 1 1 2 1 2 2 3 3 4 1 3 4
4 2 3 3 1 4 4 1 2 4 3 1 4 2 4 4 2
3 3 2 2 3 3 3 3 1 2 4 4 2 4 2 2 4
4 2 1 1 2 4 4 2 2 4 3 1 4 2 1 3 3
2 1 3 3 3 3 3 3 3 3 1 3 3 3 3 1 2
3 3 1 2 2 2 4 4 2 1 3 2 2 2 4 3 1
2 1 3 3 4 4 3 3 3 3 1 3 3 3 3 1 3
1 4 1 1 3 3 4 4 1 1 3 1 4 2 1 3 1
4 1 4 4 1 2 2 1 3 3 1 2 2 4 4 1 2
1 4 3 2 2 1 1 3 1 1 4 4 4 1 1 2 3
4 3 2 3 4 4 3 1 4 4 3 2 1 3 2 1 2
1 4 3 1 1 2 2 2 1 3 2 1 2 2 3 2 1
4 1 1 3 3 1 1 1 4 4 3 2 1 3 2 1 4
3 3 3 4 2 2 4 4 1 3 2 1 4 4 3 2 2
2 4 4 2 4 4 2 3 3 2 4 4 3 3 1 1 1
4 1 1 4 2 2 3 1 1 3 2 1 1 1 3 3 4
2 2 3 3 4 4 2 3 3 2 4 2 2 4 4 4 3
