10
17 16
8 7
1 7
6 2
16 12
11 4
12 14
12 17
3 11
8 3
7 6
8 12
3 5
1 6
3 17
3 9
16 3
18 19
13 15
8 2
15 11
8 6
10 8
8 3
15 5
16 8
13 8
15 4
1 15
12 8
8 14
8 17
11 8
15 14
15 2
8 7
18 15
17 19
1 7
4 3
11 16
17 16
16 9
1 10
13 16
1 6
13 4
4 17
16 7
7 4
6 4
1 15
4 10
17 1
8 4
16 15
16 2
18 15
16 1
6 10
5 14
6 9
12 3
10 11
6 1
5 7
3 6
10 3
18 12
10 14
15 7
4 10
12 2
20 19
17 13
12 20
6 9
15 8
8 13
16 2
11 8
18 14
1 14
11 14
10 12
3 20
7 20
19 14
12 9
5 12
20 19
6 5
9 15
20 17
6 11
16 2
2 5
11 14
1 10
4 20
8 2
1 3
14 7
8 6
10 20
17 7
5 6
9 20
15 20
12 20
5 1
19 18
8 9
1 2
15 14
7 16
14 13
4 3
17 6
6 15
9 13
13 12
10 13
6 2
16 5
6 3
12 4
6 19
4 2
3 16
19 18
10 12
18 13
13 10
16 13
9 13
1 12
14 13
12 19
4 13
12 17
17 13
6 12
14 12
13 3
12 3
12 15
7 12
16 12
19 17
1 15
8 19
13 16
3 11
10 17
5 8
17 4
12 11
12 14
18 16
12 2
1 11
7 8
10 16
19 16
3 10
18 1
17 16
13 10
15 6
13 14
13 6
2 15
4 14
8 4
9 15
13 1
13 15
10 4
2 3
4 7
11 2
16 2
1 4
