10
10 4
13 84
71 98
25 96
71 97
45 95
82 7
14 95
7 18
11 83
79 100
8 5
1 2 3 4 5 6 8 9
4 4
4 5 8 9
6 10
1 2 3 4 6 8
9 1
1 2 3 4 5 6 7 8 10
10 4
41 72
79 25
33 1
12 56
96 56
64 7
92 64
53 55
50 73
58 71
10 5
1 2 3 4 5 6 7 8 9 10
10 6
1 2 3 4 5 6 7 8 9 10
8 1
1 2 4 6 7 8 9 10
4 7
2 3 6 8
10 4
8647 6635
2503 9807
9811 4821
8902 6417
7544 3232
1243 2742
5386 5373
9982 5709
5310 5546
7495 9581
6 8
3 4 5 6 9 10
3 7
5 7 9
4 2
1 6 8 9
9 8
1 3 4 5 6 7 8 9 10
9 4
5288 9986
7221 1421
10184 5821
2995 7957
4523 2690
8295 8068
9907 10158
4351 7281
2514 5061
5 4
1 2 4 5 6
7 10
1 2 3 4 5 7 8
4 3
2 7 8 9
7 9
1 2 4 5 6 7 9
8 4
6027 5717
9961 8686
8731 3238
6317 2687
3790 3049
5019 7502
9715 1933
3027 8472
5 9
1 4 5 7 8
5 8
1 2 4 6 7
6 6
1 2 3 4 5 6
5 8
2 3 4 6 7
9 4
8885 6722
8537 10872
7394 4802
6943 6070
9555 1176
8736 5439
7107 10879
1662 4673
8904 6893
8 4
1 2 3 4 5 7 8 9
6 8
1 2 5 6 8 9
5 10
2 3 6 7 8
4 6
1 3 4 6
10 4
2585 7865
1550 9324
8918 10049
4488 9327
3715 8563
10027 5221
10408 9986
3772 6616
3013 3029
4199 2073
9 5
1 3 4 5 6 7 8 9 10
4 2
1 4 6 8
2 7
3 6
2 2
6 7
9 4
3019 8103
3577 2386
5910 3484
4262 5794
3020 4972
4601 9545
4675 5617
8519 9520
8478 3910
3 4
3 7 8
3 4
1 4 7
7 2
1 2 5 6 7 8 9
2 6
2 6
10 4
3712 1789
2357 2559
4174 8024
2111 1110
3740 4476
5327 9572
8608 5640
2684 9996
4780 9541
4550 9965
7 10
1 2 4 5 6 9 10
3 2
4 8 9
7 6
2 3 4 5 6 8 10
10 10
1 2 3 4 5 6 7 8 9 10
10 4
9080 8849
9507 9038
2924 8492
10370 10155
5206 5325
1899 4740
1195 7214
4523 6565
5682 7651
3282 3006
7 7
1 2 3 5 6 9 10
8 6
1 2 3 4 6 8 9 10
4 10
1 3 6 7
4 9
2 5 8 9
