10
6
510310 6
888615 5
651319 1
262832 1
542051 2
832784 2
18
823146 15
698230 7
686065 1
847803 1
846628 17
404955 13
56420 12
33548 6
708287 13
124870 11
166450 9
119575 3
512160 9
536824 6
839620 13
410650 11
753966 13
134881 12
24
338043 23
843309 8
173625 7
675455 13
330172 14
930867 3
542004 13
400684 6
599132 14
932342 21
406232 17
500134 2
782513 21
66200 19
421249 13
413762 21
535729 1
335975 14
629171 24
692819 3
698853 23
974634 16
392405 19
102068 1
12
292927 6
279491 1
530403 12
821250 12
429855 12
991081 11
434875 5
138457 10
889340 12
32771 7
671311 6
940510 3
12
35024 7
734008 9
905224 7
671084 12
222741 8
198074 12
526660 9
880000 9
843286 4
746862 2
386205 10
344858 1
15
498953 14
397756 11
811524 4
60807 3
999354 3
420071 11
843577 10
916069 11
909951 3
472746 3
950302 14
192012 14
886017 11
639975 5
743729 8
7
868210 2
637569 6
841014 1
644129 7
148542 2
468864 3
944022 3
23
336724 10
106597 3
674843 16
153378 13
20341 19
592956 11
861427 13
859779 14
71834 17
345086 16
923685 7
292698 7
731245 10
822893 15
321098 5
112671 11
836799 6
505617 5
962828 1
340685 18
953607 13
917284 7
84760 14
15
746020 14
659164 3
826790 5
905564 1
561611 9
894526 4
797545 3
71725 11
445328 1
120811 1
371799 4
520711 2
359439 7
422625 12
568574 8
14
744534 6
641548 13
164325 14
493707 5
839777 13
790439 4
249653 11
830198 6
407907 5
723483 1
685014 4
269694 11
954965 10
11534 2
