10
5 143 -4992
-419 -879 255 587 173 54 330 543 -991 148 705 -836 956 -893 643 -43 343 5 921 827 -546 734 319 1 809 -543 -564 694 -450 -878 -101 -908 -435 725 900 -953 -148 -442 382 -387 -726 130 -482 701 151 517 -360 436 -177 -973 470 -214 -719 949 -555 146 -790 -88 740 -570 -586 266 756 -219 472 796 98 967 -16 -237 -298 -549 -594 -574 -818 -836 -505 373 -880 -885 -402 122 -996 649 485 841 -650 -888 712 867 -774 -520 -865 -72 -695 906 654 39 -833 -806 616 -562 446 131 869 -757 -928 -134 -578 -732 831 -310 -995 -594 171 126 295 -437 244 -421 958 601 -827 -562 840 179 545 -897 433 -367 -955 292 -362 -538 -604 744 200 715 -832 273 -398 969 321
-118 260 112 -509 -616 70 762 927 635 841 -869 -320 -868 -446 -769 -773 -848 390 -11 -699 -873 -892 163 11 -680 266 -845 -341 -281 182 961 843 -541 577 -371 -948 -208 916 563 -206 -257 -204 365 -448 -780 342 -672 -33 -943 -189 -605 -88 -181 -527 502 -964 252 107 996 -66 -687 -355 827 34 -503 -387 508 940 852 11 635 -450 -634 -475 -749 -781 545 512 756 -523 -340 300 517 -234 305 611 385 -791 901 -101 -230 -331 159 -721 -898 -286 917 505 -288 -97 -232 45 216 616 -935 -655 -913 532 550 703 -942 489 -485 -900 711 -74 -816 605 -703 -916 971 -937 719 843 -111 758 -12 -93 723 -64 475 -160 526 -57 421 82 -505 649 229 -380 123 -91 -917
307 874 58 -711 -795 721 -760 210 863 356 412 -405 -577 -468 561 -2 540 235 803 -608 405 923 221 -661 928 494 -389 546 825 984 -384 -982 674 218 695 378 765 561 648 908 -739 -835 752 -224 -141 154 -176 83 -134 380 627 424 638 -754 -364 172 -573 353 -871 802 407 813 646 -736 24 -924 -946 701 -456 12 972 -360 214 -857 -255 480 -691 226 858 283 -607 -586 703 -647 603 680 925 -703 419 -783 856 600 376 -531 878 539 -783 212 -482 784 -843 -32 692 842 804 -240 -838 291 -593 -814 -783 -814 259 186 176 933 905 183 -36 -147 -479 -83 -766 563 805 -638 830 228 49 -726 -828 -609 -381 -628 -565 -64 -559 -173 -87 317 -66 -397 338
613 627 917 -206 -872 474 -617 549 483 142 -662 -935 897 -156 -175 856 -545 279 511 602 237 915 -591 -37 126 -396 -858 2 -555 -632 -314 420 -270 583 528 -916 499 813 -815 718 472 -212 -754 317 -403 212 822 -126 532 -295 327 372 -72 -702 194 157 -356 426 677 -328 -714 978 -380 -746 -230 -418 452 -471 410 790 525 -741 -852 -285 -449 -426 907 -752 386 -6 -27 -604 548 -963 250 -857 -146 -786 -705 -593 424 749 -951 621 -531 988 812 665 -352 -394 707 768 -992 -257 276 3 -553 765 769 -164 208 -129 -697 646 -530 -799 -783 37 343 803 244 -65 -658 -280 -210 780 600 691 18 897 592 516 -945 -390 -359 -897 410 957 -915 407 -623 349 210
521 -907 464 -456 -337 429 -747 297 130 -213 880 -168 459 -577 459 957 490 79 990 80 -796 197 -526 283 920 -424 464 701 911 -642 482 -565 284 140 899 98 88 659 -201 -809 228 -261 170 96 556 -775 -757 90 -360 -790 -227 978 -399 -727 765 -228 -428 414 251 147 -698 832 -263 -43 91 417 -980 -415 -650 333 -261 889 -178 -546 567 141 -168 22 -150 -604 -80 429 -238 611 -323 -658 306 -440 774 47 -659 672 919 -739 953 -494 -829 981 828 -365 116 535 769 -906 581 -461 686 -519 -733 -255 685 -537 469 210 -230 194 -930 -368 -544 663 49 -494 -551 673 332 -642 -182 962 167 -766 -17 -427 949 -486 865 702 -754 680 256 -703 -822 -129 -273
5 117 1809
424 25 798 -485 -734 -855 368 416 653 245 -465 288 376 -943 99 660 298 -486 907 930 827 -204 508 -609 -146 -118 452 3 372 455 -962 -796 803 962 -808 637 102 615 944 -439 776 -783 -866 892 40 -137 905 -188 -182 510 722 464 -60 597 -69 2 -296 662 -727 -830 801 108 887 284 882 789 76 700 -828 563 547 479 -107 -2 954 0 -606 -478 82 -255 507 -98 274 109 582 -849 -971 870 137 887 -729 159 -644 -993 -113 -285 331 -642 244 -793 -787 837 -838 -637 26 -923 -482 -348 -516 -561 -342 -878 393 229 221 572 68
526 -905 647 -195 -639 -501 222 119 -371 -846 -64 -922 -977 378 203 -635 582 -820 -467 427 -321 241 -237 393 467 268 -160 -159 -515 610 -185 402 -680 -87 -907 -891 824 -164 623 668 510 -715 -52 530 923 31 -367 672 100 396 -292 257 449 706 431 462 -755 -201 300 987 896 -367 -459 -498 656 -39 779 -872 -70 966 232 -537 -859 -662 35 262 529 -356 -295 391 -892 830 -581 845 -908 -719 -183 53 -138 -29 6 -748 9 262 -39 -70 -505 515 -677 -160 -616 -714 -755 -883 595 -182 174 -128 429 592 -735 894 720 -788 -810 290 -914
-194 -104 -708 467 366 -56 -107 104 -584 -930 -33 245 -228 -923 -14 370 792 -360 64 66 -5 499 -476 -751 -109 -342 -358 -21 72 580 886 90 30 687 -521 624 717 259 164 553 540 -403 -604 -870 898 -471 -785 -183 -682 -890 772 812 512 67 -242 56 -399 62 376 816 -18 404 221 -946 -66 917 -332 -972 -155 191 912 -931 30 340 -633 107 41 -785 -907 461 -189 -460 -713 -117 -191 -155 -524 500 -374 809 -705 -72 -511 -213 912 807 722 5 771 44 180 -648 77 922 -313 239 402 577 549 -595 496 868 -589 351 -79 496 664
-500 -890 19 732 297 840 564 -587 344 167 -460 -200 6 -374 -593 -660 -867 451 548 915 754 951 355 -153 413 939 780 -397 58 -341 -293 126 -232 -377 -586 -969 -446 -657 -459 116 530 899 -101 254 -192 -337 -192 969 -874 397 -620 863 -685 -738 3 832 995 168 -404 230 476 693 906 283 62 -743 -251 -608 600 442 -704 833 234 -92 204 174 960 852 -110 786 -16 -822 -512 114 -255 -78 576 521 -817 -781 766 -514 -721 -931 960 -118 325 -484 -810 -161 -812 427 -539 331 563 -380 -260 945 939 -847 414 -901 -839 568 -202 370 -26
-418 -927 269 771 -833 -271 524 -294 -868 448 -361 283 819 -779 247 -173 939 -975 578 14 -243 221 -942 25 -982 941 810 -330 -208 273 674 -362 -344 -139 -985 130 613 317 468 -88 -547 -720 291 -959 286 676 246 -442 -457 -107 816 -919 -678 508 464 178 -15 -160 -68 801 262 -686 -366 -759 228 -124 322 -528 -885 286 115 -381 -461 -961 -726 -200 -913 472 -72 -763 293 874 -281 -976 583 -245 800 -317 -280 647 911 110 -994 230 -173 122 -78 -298 -171 -986 -90 -838 -829 435 -776 128 210 551 521 101 -922 123 -968 -393 -205 -900 819
5 131 23488
196 291 977 113 801 273 -966 862 -476 225 463 420 304 -566 758 529 -291 -116 -283 -54 -140 -717 467 862 -454 -90 913 839 162 -574 -686 848 353 53 312 189 952 671 -467 660 -290 628 909 -443 263 -337 -14 5 592 -466 -784 -737 999 457 585 -387 318 -459 340 177 -851 270 600 716 994 675 -392 -190 -893 -157 67 882 -407 -726 270 592 -289 52 698 -375 449 898 -315 -445 -775 826 91 -926 -738 -683 -615 89 304 67 69 -107 -836 -722 126 -47 372 -824 143 -158 -853 -363 349 564 -462 658 -803 896 -525 -915 -552 -756 336 -118 -353 -706 -753 -649 921 931 978 196 -671 -866 624 611 277
-597 -637 281 864 687 533 224 -450 -387 195 -513 -495 699 -950 273 -400 -42 -168 147 26 145 -459 -308 -264 692 960 905 670 -650 -252 857 -287 108 108 -496 -211 703 697 830 994 291 -386 -568 -541 -395 585 483 -257 -10 -796 865 31 31 -979 634 -134 555 -223 -608 41 533 802 -392 335 45 -138 28 94 -179 587 -272 -694 -449 -51 654 -440 455 750 -798 -713 -384 -426 273 970 600 -90 424 522 -970 -118 539 -245 -559 954 492 619 808 27 379 583 -843 173 607 -435 -828 749 -157 823 332 635 -129 -397 143 69 -454 -994 -587 -269 -708 -834 -215 -661 892 -233 -104 -374 -727 -122 -494 277 686
832 -358 646 -214 -730 -498 372 422 72 866 545 133 783 -338 -593 405 -977 652 469 -773 813 -125 547 -210 400 996 206 -105 32 16 509 249 109 -214 -9 464 -97 782 -971 149 277 -295 53 -450 873 171 -665 252 101 853 692 -786 859 -211 -646 -223 -105 623 374 325 553 334 -142 -519 -859 20 655 710 -936 -217 130 -306 515 -177 283 -507 -828 69 692 297 174 905 -933 -63 -777 541 -74 425 -132 826 362 -458 -91 -142 -460 121 -668 -568 705 315 504 60 229 890 -559 385 -120 -369 -68 356 146 -917 -195 -162 21 -97 746 -161 -788 -910 -613 -747 916 444 -902 -775 -424 566 427 162 657
872 551 973 59 730 339 -230 717 -922 -686 -566 978 512 35 765 -393 -252 640 -629 -509 181 -413 836 553 -688 481 589 156 555 369 -675 -950 -737 438 -788 -790 -581 316 892 149 94 588 -247 -252 -842 820 702 -634 -790 382 188 -470 413 -422 70 -125 649 -693 138 -983 385 687 394 -601 123 -728 -750 661 582 944 493 761 -653 894 571 517 -805 965 967 -519 206 -822 -901 530 -574 1 -508 -388 -547 856 -12 -718 767 687 -162 562 -607 -970 33 8 610 -958 935 445 -515 428 301 -484 -632 362 432 -835 -546 -256 -108 388 -751 -913 -834 296 277 -145 761 187 -14 -281 -420 657 -452 -151 -399
69 296 -962 -681 -906 394 813 -65 -426 760 -463 -787 355 265 -57 -620 895 -729 101 720 -860 824 922 -783 -709 -57 -738 -101 961 -360 557 -566 936 -273 -80 526 -891 309 760 693 -519 494 -870 380 304 364 143 668 -815 -85 192 293 -626 447 862 730 -826 -389 -634 243 -366 886 -162 830 134 -307 -16 -136 879 -120 926 862 719 -378 -290 -861 -10 618 540 158 -454 -28 -955 -254 218 -627 405 155 281 136 239 85 159 343 487 -825 321 900 -97 306 112 677 928 -850 -446 -306 726 427 171 -722 -22 -990 246 -702 151 -381 -340 -819 51 131 -355 -476 99 606 689 368 690 -50 -317 33 56
5 105 22053
2 -576 -942 -260 213 646 291 83 -789 609 -295 -890 871 420 330 -743 -817 284 -77 344 -814 343 65 705 228 -999 681 77 -408 711 -76 -870 -426 -612 628 -23 -808 99 385 533 -629 -325 -388 212 703 635 -811 323 469 -881 63 148 -54 -265 -338 805 839 -39 -500 802 -37 -459 -287 -628 -440 788 -843 -207 134 799 27 -31 522 908 215 777 132 -172 292 195 475 596 -429 29 -498 -702 -421 923 386 583 833 -274 767 -993 -212 -243 -308 -130 178 -950 849 -766 290 -782 -737
-719 -850 757 954 -729 28 -896 664 -585 439 -567 83 943 625 -631 -183 588 -510 985 -245 242 742 960 -78 -282 -388 -666 86 -177 93 -799 496 -611 -449 -371 -229 437 -321 -495 542 599 -544 969 109 149 138 -432 -129 658 587 -257 -947 -105 -188 190 -753 989 344 -325 -642 -531 764 127 804 583 -295 624 867 404 -210 -768 -198 -644 -198 143 374 890 -288 806 562 -523 667 872 678 660 250 525 -508 -962 29 161 347 224 184 -884 79 -412 606 278 100 -860 801 -511 687 608
-126 -792 861 -566 322 535 180 933 417 979 -205 -233 -124 -10 952 -198 968 982 73 400 99 7 558 -229 -350 864 -793 967 -844 -911 -712 -934 228 -933 -484 -335 630 -243 850 99 476 -589 263 -500 -608 846 87 539 950 -843 636 962 648 -999 375 475 383 665 320 804 -38 -144 536 264 -927 -926 -521 839 143 356 250 687 -168 688 -598 -76 526 -228 -536 566 -12 160 -35 604 684 676 -663 -792 -682 -900 345 258 -739 -427 684 295 -980 -186 128 -357 -226 -221 -838 78 450
-760 -157 840 815 -197 227 190 -844 979 -20 560 58 682 -756 -267 799 -99 -950 -947 383 623 -89 -59 -858 -217 995 -519 509 422 219 -779 -221 184 -922 -185 -794 -95 573 163 -70 96 -356 40 439 158 965 -228 764 266 904 -722 555 -974 762 -789 -74 868 -457 708 740 997 245 -258 125 949 -20 -841 -274 -160 313 818 278 339 411 -382 935 278 -699 120 521 838 162 -948 816 -798 265 -735 472 -82 316 -192 -264 641 -653 518 887 18 539 -955 -706 390 -467 -153 190 -229
-293 -618 398 -892 562 998 -696 579 -784 -341 180 538 916 19 -274 -637 -484 -879 -519 -209 -531 -809 404 -972 242 586 63 421 -912 386 -314 -686 350 -511 -418 -179 -160 555 -547 683 828 -849 508 -789 -374 646 -124 112 557 715 -402 803 648 968 214 810 376 294 73 967 206 -431 -783 848 414 -77 339 -747 -497 -170 814 51 746 -402 -379 569 -190 -500 867 -458 -58 -681 357 -52 -665 -413 841 467 57 75 215 848 362 -888 286 -379 -279 525 -789 823 900 271 -371 -544 168
5 108 3768
-726 -218 -557 682 208 -358 -726 89 -862 -3 107 -554 181 67 912 -243 -171 404 595 654 251 -398 -246 799 -714 760 336 892 -477 -712 -758 854 541 -163 320 -360 964 -551 79 100 -340 -357 857 283 -731 606 -596 -579 -385 826 528 -209 517 748 226 451 -995 -726 940 -567 -540 27 116 -138 509 761 608 -42 -149 -116 -520 -282 895 -268 445 -45 -345 -611 259 917 -955 427 -339 -647 847 -918 601 859 277 810 2 -1000 923 71 276 475 386 -15 -100 796 -424 371 -150 40 -398 -337 464 -781
97 173 827 504 850 -285 -976 271 -136 -651 925 -170 129 34 906 -582 -119 -314 513 -600 842 915 344 250 -718 -639 985 -924 757 -648 -55 -530 90 5 -413 29 501 -279 332 729 148 436 469 820 -35 153 899 -305 814 919 -564 368 -94 853 478 309 464 -609 -217 453 -852 -314 -314 45 465 0 -547 714 453 914 -314 866 83 -323 -303 23 -27 129 208 -755 -971 718 501 904 -527 199 674 29 301 -331 362 966 782 268 147 -989 -800 -768 -727 -233 898 760 -928 106 735 643 699 -523
100 421 539 -64 194 -976 -659 -866 -908 -146 6 -209 -518 -310 418 -400 96 614 -753 964 -182 614 105 821 760 738 -225 708 -229 356 -474 854 980 315 -606 -722 -702 448 -487 740 971 397 304 860 -454 895 -437 782 347 -939 -876 -6 365 -441 732 -417 415 -43 -458 385 -663 -863 -154 277 674 -351 -380 -153 608 57 -410 609 -691 992 -483 -466 -743 793 33 -996 -52 -158 -897 194 -337 -74 -23 -607 63 -822 888 -442 -583 193 591 766 703 950 -235 -405 484 212 -444 -910 540 638 -636 -880
380 464 -940 298 -243 122 851 489 -331 -127 -463 -983 -757 37 -965 -28 228 -406 -544 495 -823 719 -335 173 -202 -279 -15 146 684 -530 57 -224 -169 -331 -299 978 529 -114 -615 -360 -176 -728 -438 -30 -386 -802 -45 -709 175 -918 984 -426 -615 155 940 -930 132 450 726 948 -496 -356 602 -23 772 -716 950 -874 -110 -804 571 292 75 99 -356 335 -766 429 -757 388 489 847 -826 247 -764 387 -900 169 -219 -981 -891 -934 928 -883 469 130 318 -710 -86 -202 -502 -744 216 594 -157 776 710 -200
-202 88 -272 433 797 -489 -748 -190 70 120 974 -585 -254 682 77 -929 -192 -262 71 989 -575 -964 237 977 666 -23 -922 -420 -93 -585 952 -883 -997 -381 -538 -166 -597 -129 -85 648 -883 342 -211 381 -141 128 -726 -860 336 763 -962 904 -912 143 -554 -612 271 100 234 -914 88 123 -966 674 -577 -481 -358 66 -277 61 -351 -582 -697 52 -717 -736 -710 903 -519 -845 -632 765 -456 848 0 902 911 -427 927 -602 235 719 -551 125 -696 -522 -757 906 -475 738 -3 -525 335 -52 897 -279 541 409
5 139 -22716
916 -468 496 75 -867 -632 -155 -632 -394 -964 -78 -243 919 -95 929 942 873 -963 490 931 -172 227 -90 -367 -432 862 653 889 947 -736 -998 -181 -64 -837 -686 -658 -139 -143 -473 -633 -306 438 -526 220 -830 -780 642 0 -962 220 -354 826 -199 798 252 -883 -298 371 -186 370 -408 79 -826 -109 565 -492 -795 -70 -270 -494 69 460 258 656 805 -426 590 811 -815 209 306 -648 -996 878 -474 -967 365 -714 -960 -886 -969 -153 734 496 427 736 -512 -230 811 -16 -783 -913 583 418 568 813 -548 565 177 -546 -832 270 -888 -274 -476 -224 -938 207 -569 504 729 404 144 694 815 -386 -279 -264 -619 -655 -997 533 352 -359 316 -41 -14 742 56
85 432 -279 -379 -813 -327 -805 -335 559 -453 -662 -711 807 78 950 403 -661 -908 -958 454 -766 -126 -106 119 370 633 686 400 -12 -433 228 -175 148 -689 -116 -282 -711 -466 890 -512 784 -288 226 530 978 434 -264 910 419 152 -865 -61 -963 748 800 -411 -381 623 -966 153 638 423 -479 -228 -391 -216 -325 -996 632 453 -375 -699 222 -268 968 836 -483 932 955 -58 -31 801 -113 -876 -265 -741 -58 -466 -551 389 -875 721 380 -512 -467 -686 255 -60 -381 -256 419 -110 770 663 632 497 -348 295 -671 289 0 -72 69 -520 411 -823 -723 -277 -985 880 -901 -509 -209 84 -124 -614 845 404 339 81 189 -75 -313 770 327 239 -134 -525 -834
392 -730 730 -307 -842 -413 836 -192 -751 -195 -594 -689 265 -235 -780 -807 -8 346 -456 953 -591 -283 777 257 -322 101 842 -617 423 427 -938 -587 882 -848 -134 -287 -501 -610 851 -502 -56 347 178 155 -810 -209 -494 86 680 -557 258 190 -389 16 -863 -474 982 566 -276 620 -787 949 921 -867 -731 -177 -334 599 -227 -733 -560 287 305 511 -867 248 424 -74 -331 224 -767 102 201 134 -121 732 832 -484 -642 104 104 197 -772 252 24 -785 92 423 820 75 381 -623 -189 411 -613 -457 -841 167 467 -926 -496 527 179 -553 -609 880 392 618 738 -213 -416 -61 -323 -900 291 -559 172 198 -605 -934 -975 -230 -974 -205 -269 944 -645 193 138
-10 -123 630 -8 117 -424 866 -841 54 829 286 270 -146 -840 205 515 -141 198 -151 -21 377 -35 -996 -20 298 -783 364 -306 213 -597 477 -985 927 980 382 -954 805 -546 596 380 -835 359 -603 446 -495 244 -300 820 -565 -679 -338 -805 -391 -72 534 509 15 259 760 -136 952 -475 525 -23 -511 761 -284 -391 -935 895 -347 -834 -691 104 -909 -476 -516 -998 178 -290 88 -943 -29 -869 -82 497 129 -922 -931 -562 913 551 141 609 -791 127 316 -959 777 -873 -753 893 677 -719 -395 550 -6 -651 -247 829 -962 -595 -333 -17 -825 49 -74 608 763 -441 92 -996 568 -159 88 -118 -608 252 -70 166 288 311 -872 112 -759 269 766 -428 107
-75 313 994 47 -438 684 -506 -10 -193 706 -892 -648 -974 -777 410 939 -29 586 947 -905 546 47 -798 722 -193 -304 -479 566 -608 -814 862 -174 457 741 903 55 -976 -460 -157 701 766 -656 495 -761 983 -275 555 600 -135 730 363 -692 959 777 -378 144 -520 754 -294 -562 214 523 -470 266 -482 -919 -596 972 405 -74 539 651 -502 772 239 355 -308 -145 -770 -549 119 -612 -989 -127 -983 -993 596 -349 905 540 148 969 -378 856 -795 -281 -42 309 -419 -904 -939 236 -277 491 756 330 -391 390 -531 317 683 -932 438 763 -776 -695 31 751 -623 49 513 545 847 -970 -323 161 -954 -651 691 987 -713 -275 740 193 28 -902 -162 76 587
5 133 -12172
448 112 628 565 498 350 -855 -628 -698 -340 -889 -674 -46 449 799 721 458 -221 -536 109 802 965 -978 612 -727 221 -52 393 -999 938 467 509 -473 361 -14 -540 -276 59 806 51 -410 -731 662 694 -206 288 -37 548 679 -707 159 776 459 -977 843 -232 -816 361 120 -36 -348 397 285 253 -985 -687 803 10 5 -600 827 -8 -931 902 -824 -392 -633 -822 373 -758 364 315 -641 63 142 -368 -831 685 337 -878 -590 -78 -585 883 437 -207 -245 898 411 -839 267 -418 -302 -437 596 -539 332 580 -499 -588 -638 -871 938 -248 835 -21 -650 -36 587 321 -543 551 620 -292 -586 641 -41 307 -7 537 -573 -294 -844
-327 898 654 -35 -339 -121 339 -149 354 -979 339 263 928 284 -970 -115 336 513 -653 970 -981 371 348 91 -874 -314 923 -212 931 73 611 284 435 324 339 -522 211 -535 858 435 -915 979 743 -539 862 -419 -488 -508 -680 588 -57 -977 547 404 530 99 985 -342 -708 -506 610 -882 -685 103 533 -589 136 26 -62 -15 -390 -147 451 359 -129 302 252 -818 569 -370 -655 -493 -603 742 100 -177 218 -416 271 148 -145 -81 -944 867 -492 713 788 353 -386 979 985 -191 -951 -993 -727 79 13 554 -23 554 -501 -550 -185 -489 -698 -589 715 341 518 717 -133 -860 221 288 188 369 837 342 445 -220 949 -131 -62
640 -339 -659 573 5 -807 -449 752 -405 -924 -274 -102 800 -900 499 161 -989 215 -223 554 684 746 900 657 364 -102 635 76 -531 415 -396 -940 163 -558 -522 -517 -289 -635 -385 -944 518 416 -729 526 -195 -511 -266 33 -586 -941 -237 -473 -196 175 170 744 -385 963 475 109 -710 -826 -106 355 449 -426 -618 664 -561 27 676 -529 769 -256 143 -760 -195 521 -937 -601 -551 -854 649 -671 643 -457 -879 -8 266 -240 -784 856 -537 -511 -70 -24 775 -736 172 381 616 740 -712 -413 -168 -997 528 356 196 -771 953 -235 -884 -241 -602 409 835 946 -851 -619 -151 898 -521 -134 206 -714 142 -533 170 -982 587 942 -434
-751 221 732 -203 -598 365 -697 772 -910 862 -306 851 -747 875 -266 -548 -692 654 -884 -512 -358 875 898 -451 146 -302 415 366 637 -200 -979 -99 810 -908 502 491 -644 60 -720 -309 936 -533 -293 -373 780 -408 281 744 -558 -947 278 -166 -865 275 344 -684 565 572 -143 -991 506 -625 -921 -11 302 -777 -42 -984 374 -444 -836 -809 969 50 952 941 603 -945 -573 285 597 -63 -705 514 -192 287 -153 64 215 -97 911 820 -178 -744 -94 281 795 -690 -640 32 -761 185 910 -913 559 92 -921 -156 -993 -247 -626 568 136 917 -806 816 -747 345 877 304 -486 179 -70 318 -138 -802 759 840 981 875 14 512 705
578 219 279 38 682 778 -104 -378 -417 392 -351 147 69 828 312 -105 344 33 560 695 -688 -255 -366 -965 -675 775 -44 143 699 868 404 -475 -375 962 383 -743 -199 -935 -88 545 -520 159 -792 -490 -196 -516 -333 -887 744 103 931 22 -171 -207 964 58 889 -924 -934 -605 -470 -596 -916 -382 428 -927 -993 20 873 794 -270 722 114 -688 821 -518 -566 773 -461 953 80 -277 -505 -654 313 578 -290 -973 777 -987 685 -447 -21 415 479 206 -844 -835 939 -483 473 586 -721 823 930 223 438 -46 -462 -957 660 754 -57 -710 552 -278 -886 632 -44 -470 -538 371 541 100 -4 -9 -169 336 459 989 521 -199 -781
5 146 -14961
-760 -35 750 -6 440 122 987 635 985 -362 -643 694 152 -461 -162 -141 -223 291 -374 208 390 -323 -370 -653 380 -45 -330 -482 -631 -317 533 -621 -258 840 -366 -423 940 -371 378 392 -953 269 52 -785 138 601 497 47 898 -245 -501 753 -913 -167 -471 -213 776 -415 -836 706 424 664 245 -566 -588 211 -680 -318 -498 965 273 -307 -630 477 -649 -362 733 438 -34 295 -563 533 -466 -236 -522 620 693 -685 -473 -729 777 -212 281 -528 -42 244 -242 899 -27 719 718 94 -812 -643 -936 460 -21 -931 23 602 288 84 209 275 370 -741 414 406 -732 401 -566 634 -649 534 70 869 -654 627 -313 -945 -501 626 495 70 540 271 -872 934 -91 823 560 -148 522 -372 390 -481
-995 -828 -73 652 -783 560 937 -758 -733 -857 51 -774 986 -176 -222 868 709 -34 655 -357 -580 -421 -462 451 972 427 241 959 -936 293 263 323 -949 -845 593 670 -856 -553 817 -652 399 491 352 -564 -432 -109 -661 -323 277 -207 -28 -161 641 7 353 -888 -237 45 -440 -105 918 -624 -210 271 -401 -332 -5 -113 -182 185 649 -885 523 518 157 997 805 920 864 -975 -948 -575 261 -839 550 871 -276 111 -227 481 -845 170 558 486 -526 621 -314 -53 342 -835 949 194 -947 943 -219 555 -181 -492 -995 -478 906 -308 22 -336 657 877 627 -667 -88 22 -108 837 -83 -485 467 -255 -648 -122 37 478 -50 232 -862 196 -878 -192 796 -909 -155 -895 843 75 -214 -203 512 617
265 -76 -882 711 -824 954 -404 -368 -8 -512 180 248 403 616 -948 -317 -113 25 686 -868 520 988 227 381 -709 -617 479 296 405 -935 -121 -180 452 -756 -258 152 -886 97 316 148 -463 835 -957 471 -911 764 705 488 -500 -340 700 -728 -506 708 91 583 -882 -733 -387 -35 -898 951 391 849 480 788 79 450 583 -105 -95 836 98 -869 -869 -330 11 -933 -434 -366 -373 -992 628 -107 -794 987 658 432 261 900 -28 -594 -318 786 -188 141 -973 -143 -801 86 -177 -845 -71 383 281 937 301 -332 -594 -49 944 -738 673 88 -487 -424 749 195 1000 182 -345 -258 -84 511 426 656 532 -998 17 -973 -355 -84 435 914 -384 -734 903 460 -432 -342 282 -942 873 693 880 -80
815 -320 974 649 -332 -945 -281 959 -464 8 39 -24 -907 -828 186 -881 148 883 -512 163 -272 632 -225 141 -305 -55 487 -405 -876 -966 -253 441 683 -414 888 646 290 -480 -255 -505 -333 -330 -114 -445 -584 624 -784 778 -815 307 -290 661 -805 -970 76 185 -813 481 897 188 735 -570 818 -631 -199 904 960 534 -945 112 -993 -681 -904 761 827 -829 309 -419 279 -437 -429 -592 -508 -299 16 412 -306 -662 -142 -233 103 -103 191 606 -390 342 354 -836 -402 -761 -641 983 -682 -898 25 -74 -283 -711 -440 -581 -213 -742 137 -557 -167 -258 195 109 615 419 -17 279 -420 -82 185 -362 886 -295 -69 276 -198 -361 -552 121 686 161 456 3 -986 525 -653 -251 -890 216 -119 -402
657 68 853 -210 939 -869 204 608 -976 806 265 -146 287 -843 179 -931 921 7 254 -798 677 -836 3 809 473 -864 120 520 614 904 -685 -239 -873 904 -148 262 348 654 664 -144 -304 -248 -206 -342 -482 915 -17 364 -285 -946 767 -503 -991 -88 -356 -353 566 -712 8 434 -895 385 116 -135 244 -981 519 -656 -338 477 252 -160 449 -73 778 -489 610 547 -561 -196 478 164 507 -466 -431 227 79 592 -365 260 -726 177 15 644 -515 -417 626 473 -97 881 243 725 -469 147 -635 -375 -129 939 65 185 -637 -6 -671 -265 -14 -696 -78 649 222 -949 -853 -426 185 49 741 -418 244 -735 75 -282 264 -582 -829 146 418 629 -153 695 -523 269 -290 343 635 160 731 -412
5 124 16058
-490 -511 377 978 -832 -817 -968 -232 36 856 715 169 526 -730 -245 -198 709 907 -959 171 553 247 -708 475 877 -251 527 995 603 260 41 -90 607 -172 537 665 682 -525 211 421 -553 850 -359 348 -385 -645 -222 -720 -37 228 -986 375 978 -541 -680 -270 775 -995 415 885 -89 -546 969 305 -371 138 -883 993 44 685 -692 -22 -890 634 -678 730 -744 -246 646 399 -575 489 904 -758 172 317 -898 -367 15 -550 -626 -471 603 -864 -947 759 113 301 493 -505 -769 465 -719 860 -255 628 -824 110 -799 -252 -88 317 743 -211 212 639 -244 -334 810 941 378 198 896 644
690 185 402 134 645 -428 -635 -917 558 882 -138 538 -123 -266 66 -549 -287 -16 887 -779 708 -41 870 -96 511 96 -31 137 -437 -342 740 861 -271 -933 -195 -115 30 -710 -712 443 -811 643 320 421 885 -688 -529 -426 -349 492 193 373 -668 680 533 999 -599 462 847 20 -703 5 -254 -497 526 750 116 270 737 -658 282 692 48 271 368 -713 733 925 -860 -869 824 -856 253 663 982 -418 511 901 34 -252 -447 116 -359 -178 -859 207 645 114 59 -688 -901 -281 417 267 -500 -897 -218 835 -954 926 -823 600 -505 934 -160 -240 -730 772 -988 482 1000 223 -686 68
737 -309 -519 -49 -331 419 -652 451 513 -857 53 -131 251 -226 785 -116 448 742 578 -175 -694 695 987 348 707 211 490 -320 792 -734 835 -787 -454 -196 -388 -816 -573 -362 255 686 -225 -955 -719 -110 -588 419 -592 416 755 394 -621 -926 -493 230 -821 440 32 13 -563 -541 -879 246 -736 553 628 886 -314 -126 709 -507 -433 -472 238 -132 257 477 110 982 193 663 -556 -182 -840 -493 949 -783 -136 33 -452 554 129 -766 573 721 484 548 -472 371 -827 961 -593 -419 646 269 -103 -543 382 595 665 660 -935 342 382 -401 826 -989 -232 209 -854 -568 -340 -375 -107 454
533 -49 64 203 -961 11 -542 435 596 -600 -816 -957 -82 -762 227 800 -23 -471 647 49 871 323 -750 -243 734 708 479 -20 -531 -819 532 874 -656 764 -990 673 715 123 -180 -860 137 829 812 -871 656 538 378 -31 -334 481 122 -926 574 -83 904 828 82 -771 -14 373 545 -464 -52 -365 396 958 820 370 183 -764 -707 -672 480 431 326 -44 -396 -663 497 74 445 -966 293 851 -378 34 119 -646 776 195 -190 -70 872 -142 978 -140 643 -294 391 -569 -572 707 -668 -984 268 -909 -913 -464 -764 579 -732 -800 -209 -542 201 965 -505 231 286 -52 -829 -964 409 319
706 111 692 96 730 472 -337 -894 752 850 -648 -847 -102 -776 348 -653 889 231 -727 363 389 425 791 -33 -526 -82 469 895 -789 -596 -71 862 -50 -810 26 -808 336 -157 -19 -822 -232 -952 128 72 -105 983 -206 -326 265 173 -121 397 789 -540 304 -266 -203 136 970 -502 -561 -353 -887 -42 -857 317 -87 618 -576 -381 585 117 -663 172 -480 787 676 867 562 -448 253 583 848 260 145 -398 -56 193 -100 494 914 -87 -197 350 -551 928 91 -622 419 939 -788 755 489 79 605 -927 995 -517 -293 881 -493 392 -313 103 -852 969 -597 717 -247 571 194 -260 206 -810
5 104 -24942
473 -43 -411 -593 559 734 751 -327 837 -699 500 -463 78 -458 -147 -863 -891 920 -852 -693 725 279 982 428 -376 275 -197 -292 396 12 394 -787 -631 166 61 111 237 -835 -364 994 -654 62 590 992 -282 -703 371 -366 655 29 -955 -918 -264 -148 491 -855 -951 196 -61 -151 593 462 -342 -654 -748 104 -808 -226 -669 -401 -883 85 424 -89 -541 -793 -40 285 589 402 -515 -95 -599 -883 -373 -599 363 -207 742 465 -332 -944 736 -519 71 -401 -656 291 -897 482 98 965 217 -196
943 -673 -397 600 372 122 381 -284 537 778 -818 211 -397 502 -413 -137 -909 521 61 131 53 -818 -56 -177 535 -200 -440 568 -324 -680 -82 -912 6 170 357 -484 525 361 -317 165 339 337 -88 -966 -974 -334 222 554 785 -34 -498 511 798 461 429 336 -219 -971 224 -693 -816 712 -58 -351 -145 -193 -989 -221 -572 -931 349 405 -242 337 692 -493 600 -512 636 -878 -500 219 -904 765 -490 -931 963 -591 -30 819 6 -662 37 478 -137 -501 835 -212 196 -336 310 -949 740 691
318 142 403 -83 834 -352 -51 386 -375 676 42 -334 152 61 752 658 -847 -342 -45 -468 -552 69 -964 625 436 -927 -556 -932 -353 -692 -3 -45 135 589 -55 821 -548 308 -938 -531 101 -561 910 582 297 232 103 21 762 246 170 -574 757 -194 -655 -181 -924 446 -778 -920 -520 -585 -363 -243 -562 -115 700 866 -278 216 -271 287 623 -54 762 -73 -583 -210 -922 55 213 113 -908 -648 791 501 -136 940 -357 889 438 -895 384 673 -498 687 -45 910 -879 -100 369 456 -226 917
185 998 -687 563 949 -443 423 -871 -433 -234 -505 625 303 -840 -902 -415 -74 120 3 426 -999 -543 -24 891 -839 -158 -809 -901 884 -287 358 -135 -60 752 160 797 -928 -176 -493 230 -959 158 740 -399 -110 160 567 813 -679 -412 414 -638 -98 -660 -236 164 179 334 -150 -862 -130 515 354 -475 371 -509 176 -740 -452 -633 372 -184 253 436 -257 181 -240 -342 -871 -383 48 789 -926 236 -760 301 249 -319 -989 185 121 433 -676 -6 463 -26 -123 -437 -627 -741 -373 779 -389 271
-810 435 269 556 -446 562 -890 -841 353 413 -488 -834 337 -807 -434 430 753 -22 -925 375 -130 544 138 -227 -627 397 -194 534 -239 -544 -240 -213 284 740 923 982 637 -583 806 510 918 319 -669 396 440 -499 -912 95 -894 -283 676 438 11 -932 283 -429 482 -927 424 -308 889 -12 -224 -949 -539 -792 506 730 507 -753 386 -422 503 -747 -978 -538 -533 5 619 534 -332 -446 424 -979 635 -180 792 -17 -350 -39 176 915 -52 417 452 -790 876 917 441 995 -904 -154 101 324
