10
5 5 -176929
-61752 -12045 67396 -2857 88988
-71744 -18927 -16662 9609 8385
61990 34549 -28766 59033 -35732
-17697 -20183 -95755 -81590 73407
-62629 45352 -74425 67275 -92149
5 5 -65195
-68803 14767 -86512 28285 18767
80697 34538 -92114 -85346 -43749
-20481 75678 39556 -53892 88356
-38583 -5061 -48136 51420 17790
36116 -48254 61093 -12781 -8546
5 5 376090
41199 -48220 87403 -6147 -5623
52292 -49953 58503 -98914 -78131
98247 79490 60489 12644 -3493
37152 80696 32486 -33715 50261
-47061 93899 -87004 24006 25584
5 5 -135883
84114 -98830 -92685 64866 -3434
-52373 57326 -46058 -4785 -26302
-17361 -21707 30127 -84776 91425
-88695 49868 37502 -48397 54985
14761 74519 20302 -38157 -92118
5 5 -106442
32741 30763 -32550 -8043 40743
35453 68618 77772 -73479 19125
-55976 17832 82854 -74688 -21975
-43923 37832 -94871 -15957 -94161
-45095 76087 -94202 46542 -17884
5 5 177829
99116 39722 97620 68606 -11139
55112 -48270 32007 65813 -32962
37228 -97738 -78412 -88451 -30003
-96213 1924 -41104 2572 98806
43658 -20341 70230 36965 -26917
5 5 -120625
-2004 -41158 66268 7274 95444
-5463 -97524 -58506 -40615 -42487
-38227 76315 76132 -15810 -92632
21269 -12612 93971 -57806 80608
-25170 44519 -70792 -45011 -36608
5 5 -47520
30870 84115 -78230 -62344 -92196
4206 -11570 17720 70185 -88943
95500 -21076 47650 -67105 37371
50368 57255 -30678 -40529 -89653
-84271 -55090 47410 59144 72371
5 5 160238
-79953 61168 -1680 -45135 81892
-58096 -95675 17891 70317 82701
-51128 45633 88953 85663 60567
-41231 6326 -28586 65083 -57242
95593 -36338 48717 -83054 -72148
5 5 431798
97756 13414 -60561 48316 -93693
77233 -51777 14429 -32734 48071
21384 67885 46537 57249 37288
-58083 70717 -18615 56273 40783
22147 61358 -66065 -54564 87050
