10
99 54
510310 888615 651319 262832 542051 832784 750074 806483 171497 331207 146513 779799 367371 940426 846706 376319 406817 113447 863985 514421 657240 145925 131629 951119 713282 338043 843309 173625 675455 330172 930867 542004 400684 599132 932342 406232 500134 782513 66200 421249 539770 413762 535729 335975 629171 692819 698853 974634 392405 102068 440548 341678 803325 140032 951372 996477 513220 262079 751465 418770 954296 845751 927630 71715 35024 734008 905224 671084 222741 198074 526660 880000 843286 746862 386205 344858 882851 879114 208416 301954 939814 176503 344853 276326 33505 887271 210773 837008 32419 204689 555191 90080 598333 868210 637569 841014 644129 148542 468864
628460 166065 237123 927485 231218 720286 823146 698230 686065 847803 846628 404955 56420 33548 708287 124870 166450 119575 512160 536824 839620 410650 753966 134881 269200 480431 160480 877247 274957 17158 52955 839757 18950 27662 855365 571833 134362 699421 303819 48501 990144 40917 413441 837422 195056 481131 240095 991304 228067 753713 292927 279491 530403 821250 650001 429855 991081 434875 138457 889340 32771 671311 940510 367868 278323 355253 471323 246960 214188 129580 820701 8529 634528 786974 400182 449717 498953 397756 811524 643542 60807 999354 420071 843577 916069 909951 472746 950302 192012 886017 639975 743729 528023 354926 114402 132540 722415 266316 169596
92 4
944022 574919 753217 397368 25539 828260 87469 10229 712817 854419 916257 572319 377229 966318 451560 621398 930544 299930 946517 154955 946456 391226 673839 907571 248330 999005 268033 746020 659164 826790 905564 561611 894526 797545 71725 662487 445328 120811 371799 520711 758038 359439 422625 568574 715810 5804 922711 977558 258589 543451 490384 951706 154569 753048 395774 354794 155033 518985 854334 332607 102402 56684 415398 516769 314044 617644 120594 703054 504725 854016 372685 950855 119184 133040 357505 734024 351007 442934 317260 993807 734440 928372 808773 707368 509813 535995 685607 758668 109820 663773 672019 664228
106966 336724 829689 106597 674843 153378 20341 592956 861427 859779 71834 345086 923685 218296 292698 731245 822893 321098 112671 836799 505617 962828 340685 953607 917284 84760 305831 584339 31578 202220 15646 224754 53619 341298 986671 800879 338396 989906 586364 320952 610868 28167 297867 787453 744534 641548 164325 493707 839777 571840 790439 249653 373967 541821 830198 407907 723483 685014 269694 954965 11534 176481 413611 920654 719809 291564 597492 505148 108692 332873 743656 624323 651506 203300 389857 611403 611070 738331 226819 653606 254164 73398 189778 365409 503969 997470 47579 765679 338533 258740 536296 118326
93 5
550674 721311 801738 451977 630488 321153 24051 739114 462281 252259 765635 338210 289508 525080 911288 557263 924053 678411 837793 877047 481792 606282 967466 845780 405763 232115 211484 805484 981245 414856 918532 794939 902597 291385 502976 387687 629129 699749 998261 794003 271453 926496 824982 411516 777111 244429 211415 238690 578090 857679 990085 441800 826116 549108 759962 22009 553407 673328 266583 618417 675944 902346 426338 603435 678851 527663 416172 883743 380045 754984 984041 17834 575034 52505 303616 113422 845500 564636 276992 826720 933721 332009 774227 619620 211236 487109 609536 650565 415249 353234 480558 986305 209701
939582 510236 234740 803268 335871 80909 381156 800745 761221 764433 208822 206840 164363 79034 287459 98671 646402 946935 245309 817053 687470 253495 387904 28390 152615 536042 960829 761880 797128 971900 736039 526069 794237 233451 137011 818867 757930 30576 543597 580869 707712 573278 677574 661644 10736 112858 1192 911243 523943 922438 141473 320635 246746 626763 800932 883315 250429 851519 988893 490364 659442 664877 663879 729694 727898 581482 629395 40741 194290 241163 701250 392287 699433 917252 829087 326456 440492 632600 39110 418379 761233 216668 391297 613222 581062 898990 788302 839232 617731 789749 328466 450377 218664
100 85
945837 227048 37510 757183 998402 101668 236201 119887 597862 922165 265859 695411 79052 604152 442765 415308 304193 662082 469152 762017 430550 142782 182498 294475 227504 305124 7765 774141 407045 512309 165555 979794 29743 664932 222455 467260 617830 793897 87148 99407 179906 457506 434962 494818 306195 960603 597830 298061 350018 471704 670512 852641 801846 675119 571451 101565 574938 434526 49734 398963 935548 283971 626511 899530 555207 144973 357636 591483 604281 713463 376978 407505 502014 178741 472069 115931 623917 150630 992069 878207 637153 412257 816162 191261 167709 969430 940583 279994 641760 494163 825749 345434 19795 522855 445488 932853 724183 531628 728388 456823
670702 880989 79199 688368 488945 608098 710995 105021 51521 50929 563849 897771 160779 428114 536912 27610 688663 921981 703989 884389 266555 631748 427449 257402 612579 299048 880481 666166 987308 476340 391268 351817 368133 101660 793092 659600 31783 958339 828535 972202 821901 154557 263368 251345 644871 511994 46007 985480 557742 442353 629161 785954 286020 253914 445268 885991 973041 872113 300233 359176 755741 184187 930956 639817 687065 566327 801404 299915 708690 900214 877256 520783 931568 912677 825971 670418 218877 677440 116365 698109 987671 620430 374130 300332 651900 140346 696324 237718 624332 561545 874836 552240 808760 920707 147379 607980 514097 391294 428528 142389
100 7
23175 826918 281425 433492 727166 260757 892559 13541 605077 965541 697562 374949 599274 419795 211390 36869 155172 610988 819027 447604 846630 710016 131391 869798 825621 112369 207970 468861 856638 42267 233462 480295 113577 120843 781896 49831 338141 473716 854882 190249 817346 645603 692426 959676 845573 905845 879323 770583 314510 239661 799331 333254 459841 426725 843334 597830 989854 620019 632871 765579 29459 923664 619289 980414 758894 87657 78798 767189 441604 38501 624022 68950 249857 819179 615543 941522 918045 988591 876739 865126 662123 437446 852121 494856 820841 505799 782235 72727 26286 579585 421650 934041 454570 831062 696160 738420 372213 396901 238720 711339
849880 321903 421160 125373 408975 362855 325297 2181 976036 678535 90755 835384 604111 549521 833328 153666 998824 359999 240367 532274 349471 308493 928329 637407 193801 380569 113662 908845 445202 961730 120682 596113 620022 192988 29298 730466 771623 824261 37587 118073 813101 676451 313004 853346 522870 652911 753124 452112 967119 510569 904619 632473 196108 547128 290912 437709 651028 125258 502443 870609 568474 81508 452091 964583 970242 719310 408778 104578 902405 762531 886202 352565 937967 296228 904746 420960 461510 167011 987647 97199 362452 155812 261193 945524 825852 950797 483127 922301 66111 338796 545988 23805 591755 984267 510207 743861 16117 188506 388305 201876
92 81
894921 979355 538174 933231 793573 556145 680526 180362 69391 844433 463935 598802 110733 937392 294319 616506 341884 405204 57010 691799 881537 14612 504892 694463 132871 428832 741240 28750 225147 436153 124151 357678 384414 183316 400291 314004 889202 976798 400069 1659 905616 180278 388630 717596 109493 34491 899923 596886 421119 158041 373068 170748 607032 743837 271250 582446 330795 767578 137256 295639 406385 504926 536202 345124 819940 956727 361182 241438 404139 725555 185814 772746 317189 249762 914144 334142 197767 939945 156005 915694 687232 918963 645015 508597 658111 379530 431857 357130 758918 964440 35971 108607
795790 566509 213118 887339 299116 434127 464875 536711 286478 714682 980920 587776 596198 664918 326469 326688 564910 471507 221110 648386 119670 971042 935436 231525 506503 800558 951547 596621 535215 377415 155275 693812 430523 144139 641263 898624 549928 734773 124041 507449 12221 406276 91860 776222 474842 126735 321226 879048 830854 144420 253207 828261 110379 219262 869328 513413 666990 462837 658949 235498 791782 136324 595258 447870 877919 614554 479386 903599 793874 520359 466108 463375 692191 496296 68407 757905 365051 325073 224802 318626 558323 270046 67398 615924 605646 196230 596911 930884 365897 371950 915593 102941
93 76
54051 840041 354716 106428 523893 164015 267768 322266 373007 189810 568963 219482 289578 519542 801187 275645 450852 226640 547836 504681 534014 717571 949704 19379 619407 701717 725912 889728 597227 270760 613698 791445 715442 596414 924557 977982 11133 623947 608893 172950 598484 571673 602844 719669 9637 297429 300281 222146 739452 649335 523767 533770 181988 281931 41326 805149 757356 366188 886439 291329 157368 223713 726913 500475 975944 862765 855081 108150 986511 618856 282466 236167 205071 657489 706285 330219 872435 699268 302710 942465 286239 351317 122223 295203 464209 861807 754685 297842 268937 141545 194384 213649 419084
397699 225690 642887 832187 139586 354264 590828 136051 268160 730963 914823 849104 77134 789237 825178 562071 361906 232346 86769 362418 914757 892729 955362 685954 779219 517305 285781 432661 319191 487471 639825 838396 54666 590927 205380 551830 499489 839432 945593 999035 264302 449885 272430 506784 477527 356013 319119 613615 778020 916882 767969 301514 896236 125371 788555 85089 725856 34171 641656 679089 872812 439296 327985 380632 75395 373798 120532 118420 29734 667467 256007 603322 77380 594035 495599 596757 843599 82552 212814 762591 885144 485051 442338 81898 235193 553545 27639 768335 601818 24401 480499 946321 810928
96 26
550662 677891 951353 223097 347739 739882 181258 141347 967338 297200 340984 457481 402502 868614 130600 536665 668830 918807 154519 680232 940234 298328 66724 41515 824562 502095 501920 249672 261868 163051 352579 532569 394071 473469 997407 711759 936603 919317 121455 189500 995502 558153 155662 811076 334054 809589 385118 665931 271247 784478 988094 349690 355220 697247 728649 164939 114626 598773 216156 237241 187324 178105 454231 909300 467522 144504 696754 711550 399665 182496 676776 510488 924856 305405 500543 29826 520094 289811 810628 479733 265001 141303 847368 868741 188090 579912 477031 955573 504697 578927 32073 916606 329361 285309 850913 619695
790340 404093 81605 81989 256890 351680 780319 91335 274987 881778 917531 605005 185622 233974 562022 75748 312841 993857 259114 849615 225724 540370 699957 205574 102874 631872 856332 271015 73988 817251 213816 487357 899106 993788 845840 681653 500835 470411 95737 215540 977233 617036 347174 923447 121771 162597 402135 631922 290115 606260 338352 263173 357182 193394 309763 830220 812771 529507 730625 993570 9416 616574 572649 172006 219382 412682 390836 473389 431600 140077 242597 226780 652457 649641 101547 208798 748416 787300 488927 374618 589981 391060 956955 514297 260894 963708 923548 175578 4451 413008 440640 358491 991461 448684 93356 173951
99 74
52037 236512 15665 164186 258534 924655 596761 686348 997484 771483 548787 584831 568360 276356 863241 766427 68603 480869 222034 419121 372191 66125 370270 223661 457211 473308 557451 856172 625132 172293 480334 761392 620085 164483 98838 587239 468998 970674 552081 29497 276845 570903 798999 26873 318199 341358 314248 187090 615748 135043 251296 155960 805084 369312 426996 360009 894021 606232 776072 396465 209011 394759 546521 542856 432414 691515 834672 296885 919945 525536 317111 905696 299451 292248 881829 439886 943193 903916 265801 101497 737784 757374 477781 772751 822362 279297 115702 385263 789299 628994 66165 194515 650776 312244 523444 306201 344772 155633 531483
426144 600159 706745 585195 860556 427527 161131 356356 992521 330973 170384 842706 137043 636176 162746 398656 339071 471742 517476 299215 850604 1990 707943 833423 445378 220940 344743 483440 206460 309035 211906 62853 898508 955044 226700 599957 782093 967894 656523 143737 119372 436525 623952 593237 185592 583143 243953 862823 324387 653966 947541 861906 219598 451166 716889 422767 926943 675917 956245 678242 1721 821557 830840 222724 51625 258603 880629 177520 96053 307803 57818 138207 672261 786139 632094 35692 954389 617914 386426 882329 386603 327139 412537 211991 939243 427276 924344 279422 193889 512708 841256 789140 3144 246241 321134 222240 951873 687820 25395
95 24
603008 721127 745123 575445 715619 879122 37828 328936 698152 403448 471541 488249 968233 224359 20154 467660 29406 819986 60587 184001 813210 724230 226545 772633 332724 506719 327601 974921 945460 674195 666827 717927 623293 216970 405467 646123 7312 17086 616501 465608 1004 417381 256879 234512 663647 207559 138764 324352 251418 898173 34138 110392 575985 800867 893469 846739 578142 219452 14014 492713 295628 859978 582848 890024 813082 721227 185472 375790 399208 12149 100567 242448 2326 521072 373672 650042 274926 385560 395324 914937 318099 583147 74219 612418 515146 633827 865438 363495 552449 691461 294793 696520 572620 408067 632713
406771 369855 295382 364990 582467 50990 689075 990625 891217 66193 963013 595975 527936 370305 391293 294504 29048 437963 126494 306182 148820 338210 644071 712735 808641 940135 403428 327248 217348 660166 923777 398547 854420 494724 733506 667902 157508 334787 719180 723162 816972 441688 170746 809836 735147 557007 74074 86051 353535 661714 541868 613877 691634 705515 236355 197891 578248 110487 841720 966502 892879 658641 513748 228639 50736 477388 789907 602446 72427 942079 48078 870956 617830 517479 891446 383736 530280 921650 400620 852233 442436 678432 140484 894082 843209 125021 563305 760835 75906 773840 220340 940344 226546 864358 42788
